xcenter = 750.0
ycenter = 460.0
factor0 = 1.020755941958213
factor1 = -0.000598116611318232
factor2 = 1.294377344392026e-07
factor3 = 3.383519295014651e-11
factor4 = -1.3532961611487033e-14
