xcenter : 588.692801577
ycenter : 462.092631791
factor0 : 1.00227490554
factor1 : -2.99523692178e-05
factor2 : 8.99519088e-08
factor3 : -1.57066461911e-10
factor4 : 8.08880211618e-14
